conflict detection:
111111111111111111111111111111111111111111111111111111111111111111111111111111111111111111111111111111111
wait priorities:
0 0 0 0 0 0 0 0 0 0 0 0 0 0 0 0 0 0 0 0 0 0 0 0 0 0 0 0 0 0 0 0 0 0 0 0 0 0 0 0 0 0 0 0 0 0 0 0 0 0 0 0 0 0 0 0 0 0 0 0 0 0 0 0 0 0 0 0 0 0 0 0 0 0 0 0 0 0 0 0 0 0 0 0 0 0 0 0 0 0 0 0 0 0 0 0 0 0 0 0 0 0 0 0 0
timeout:
100000 100000 100000 100000 100000 100000 100000 100000 100000 100000 100000 100000 100000 100000 100000 100000 100000 100000 100000 100000 100000 100000 100000 100000 100000 100000 100000 100000 100000 100000 100000 100000 100000 100000 100000 100000 100000 100000 100000 100000 100000 100000 100000 100000 100000 100000 100000 100000 100000 100000 100000 100000 100000 100000 100000 100000 100000 100000 100000 100000 100000 100000 100000 100000 100000 100000 100000 100000 100000 100000 100000 100000 100000 100000 100000 100000 100000 100000 100000 100000 100000 100000 100000 100000 100000 100000 100000 100000 100000 100000 100000 100000 100000 100000 100000 100000 100000 100000 100000 100000 100000 100000 100000 100000 100000
expose:
111111111111111111111111111111111111111111111111111111111111111111111111111111111111111111111111111111111
chop wait:
0 0 30 0 0 0 0 0 0 0 30 30 30 30 30 30 30 30 0 0 0 0 0 23 24 25 26 27 28 29 0 0 30 30 0 12 12 12 12 30 0 15 16 16 15 16 15 16 16 15 16 15 16 30 0 15 16 16 15 16 15 16 16 15 16 15 16 30 0 0 0 0 0 23 29 3 30 30 0 28 28 28 26 0 26 27 28 23 0 29 0 30 30 24 23 29 0 30 25 23 0 0 29 30 0 0 0 45 0 0 0 0 0 0 0 8 8 35 36 35 36 48 48 0 0 0 0 0 43 48 48 48 48 48 47 0 0 47 8 0 8 8 8 35 36 0 35 36 36 35 36 35 36 36 35 36 35 36 36 0 35 36 36 35 36 35 36 36 35 36 35 36 37 0 0 0 0 0 43 44 45 46 47 0 48 48 48 48 0 48 48 48 43 0 44 0 46 48 48 43 44 0 48 48 43 0 0 44 46 0 0 0 10 0 0 0 0 0 0 0 10 10 10 10 10 10 1 1 0 0 0 0 0 9 10 10 6 7 8 10 0 0 10 10 0 10 10 10 10 10 0 10 10 10 10 10 10 10 10 10 10 10 10 10 0 10 10 10 10 10 10 10 10 10 10 10 10 10 0 0 0 0 0 9 10 10 10 10 0 8 8 8 6 0 6 7 8 9 0 10 0 10 10 10 9 10 0 10 10 9 0 0 10 10 0 0 0 17 0 0 0 0 0 0 0 17 17 17 17 17 17 17 17 0 0 0 0 0 12 6 11 17 17 17 15 0 0 17 17 0 17 17 17 17 17 0 17 17 17 17 17 17 17 17 17 17 17 17 17 0 17 17 17 17 17 17 17 17 17 17 17 17 17 0 0 0 0 0 12 15 17 16 17 0 17 17 17 17 0 17 17 17 12 0 12 0 9 17 17 1 17 0 17 17 1 0 0 17 9 0
extra:
32 2 2 2 2 2 2 2 2 2 2 2 2 2 2 2 2 2 2 2 2 2 2 2 2
