conflict detection:
11111111111111111111111111
wait priorities:
0 0 0 0 0 0 0 0 0 0 0 0 0 0 0 0 0 0 0 0 0 0 0 0 0 0
timeout:
100000 100000 100000 100000 100000 100000 100000 100000 100000 100000 100000 100000 100000 100000 100000 100000 100000 100000 100000 100000 100000 100000 100000 100000 100000 100000
expose:
10110111111010101101010101
chop wait:
0 0 0 3 0 0 6 7 8 9 10 0 0 1 0 3 0 11 0 0 7 0 8 0 10 0 0 0 0 4 0 0 6 6 6 6 6 0 0 2 0 4 0 6 0 0 6 0 6 0 6 0 0 0 0 8 0 0 8 2 4 8 8 0 0 8 0 8 0 8 0 0 2 0 4 0 6 0
extra:
32 2 2 2 2 2 2 2 2 2 2 2 2 2 2 2 2 2 2
