conflict detection:
11111111111111111111111111
wait priorities:
0 0 0 0 0 0 0 0 0 0 0 0 0 0 0 0 0 0 0 0 0 0 0 0 0 0
timeout:
100000 100000 100000 100000 100000 100000 100000 100000 100000 100000 100000 100000 100000 100000 100000 100000 100000 100000 100000 100000 100000 100000 100000 100000 100000 100000
expose:
10110010000010101100000000
chop wait:
0 3 0 3 7 0 0 7 0 0 11 0 0 3 0 3 0 11 0 0 11 0 11 0 11 0 0 4 0 4 6 0 0 6 0 0 6 0 0 4 0 6 0 6 0 0 6 0 6 0 6 0 0 8 0 8 8 0 0 8 0 0 8 0 0 8 0 8 0 8 0 0 8 0 8 0 8 0
extra:
32 2 2 2 2 2 2 2 2 2 2 2 2 2 2 2 2 2 2
